0.000000 4.541729 4.870843 4.896410 5.958698
1.000000 4.506045 4.560827 4.681531 5.426872
2.000000 4.657314 4.717912 4.840432 5.413313
3.000000 4.884404 4.885322 5.028335 5.366320
4.000000 5.107729 5.025068 5.178660 5.304745
5.000000 5.188667 5.117848 5.258865 5.249582
6.000000 5.259897 5.173384 5.311167 5.198261
7.000000 5.316274 5.208154 5.346112 5.161760
8.000000 5.313547 5.221414 5.346459 5.136708
9.000000 5.304816 5.204334 5.308381 5.108832
10.000000 5.252535 5.176606 5.256119 5.078707
11.000000 5.205965 5.144540 5.207268 5.049396
12.000000 5.173804 5.114578 5.158555 5.011460
13.000000 5.117705 5.078486 5.109238 4.974530
14.000000 5.088281 5.041227 5.064548 4.933031
15.000000 5.044540 5.006432 5.022985 4.886293
16.000000 5.006483 4.973599 4.982547 4.845309
17.000000 4.980699 4.937438 4.944088 4.798084
18.000000 4.941606 4.906804 4.907997 4.754379
19.000000 4.912589 4.874627 4.880093 4.712641
20.000000 4.889526 4.846176 4.847869 4.669930
21.000000 4.849419 4.818470 4.811903 4.631951
22.000000 4.829934 4.793441 4.782487 4.596047
23.000000 4.796970 4.769591 4.756263 4.556749
24.000000 4.771374 4.742505 4.725536 4.522222
25.000000 4.753392 4.723185 4.702344 4.488410
26.000000 4.726385 4.698483 4.676922 4.449972
27.000000 4.709668 4.681051 4.648662 4.417820
28.000000 4.679273 4.657868 4.625384 4.382323
29.000000 4.658517 4.639735 4.597958 4.346236
30.000000 4.648428 4.619855 4.573800 4.320499
31.000000 4.618184 4.599992 4.551743 4.284701
32.000000 4.600341 4.585088 4.531926 4.259044
33.000000 4.577480 4.569210 4.504117 4.225723
34.000000 4.549481 4.551913 4.485608 4.199152
35.000000 4.534559 4.535218 4.461378 4.162923
36.000000 4.504484 4.521308 4.437830 4.137449
37.000000 4.484983 4.501922 4.424522 4.111263
38.000000 4.477295 4.486926 4.401280 4.081923
39.000000 4.444388 4.470602 4.378216 4.056142
40.000000 4.430107 4.450972 4.360707 4.025101
41.000000 4.414154 4.439285 4.345511 3.998172
42.000000 4.393365 4.425714 4.316997 3.977952
43.000000 4.381079 4.404851 4.297060 3.947385
44.000000 4.357344 4.396443 4.284318 3.921998
45.000000 4.334353 4.382557 4.258733 3.897627
46.000000 4.327502 4.367095 4.238824 3.874366
47.000000 4.296621 4.351429 4.220918 3.839855
48.000000 4.287421 4.340979 4.209569 3.821382
49.000000 4.268718 4.329683 4.183213 3.796227
50.000000 4.245809 4.314436 4.169057 3.779236
51.000000 4.233580 4.302591 4.153510 3.755112
52.000000 4.208764 4.286412 4.131298 3.724440
53.000000 4.192261 4.270353 4.117470 3.698622
54.000000 4.170379 4.264346 4.098332 3.677242
55.000000 4.155063 4.251322 4.087959 3.650016
56.000000 4.137765 4.233757 4.071182 3.622835
57.000000 4.116242 4.216113 4.043402 3.610234
58.000000 4.110320 4.211441 4.032216 3.591732
59.000000 4.097014 4.197418 4.020982 3.562531
60.000000 4.067480 4.198959 4.004106 3.547652
61.000000 4.065356 4.178113 3.987443 3.539202
62.000000 4.047859 4.173390 3.967361 3.509203
63.000000 4.030357 4.159025 3.961801 3.486855
64.000000 4.022305 4.144481 3.942207 3.463744
65.000000 4.002123 4.131266 3.926085 3.440594
66.000000 3.982271 4.128948 3.922258 3.424718
67.000000 3.970719 4.107074 3.890477 3.413467
68.000000 3.959566 4.100577 3.889526 3.392521
69.000000 3.948022 4.099093 3.869525 3.379849
70.000000 3.926857 4.076640 3.860637 3.370513
71.000000 3.908485 4.076932 3.848435 3.335859
72.000000 3.905364 4.059185 3.833402 3.321598
73.000000 3.875813 4.049567 3.816771 3.311330
74.000000 3.867232 4.040088 3.802910 3.301898
75.000000 3.861594 4.025101 3.794488 3.267406
76.000000 3.833147 4.017659 3.780389 3.261025
77.000000 3.839352 4.016072 3.765072 3.248219
78.000000 3.800923 4.003547 3.758685 3.236285
79.000000 3.796297 3.990827 3.741388 3.203033
80.000000 3.774006 3.980957 3.731428 3.201397
81.000000 3.759743 3.976671 3.718917 3.179264
82.000000 3.760950 3.963268 3.710540 3.176091
83.000000 3.731105 3.951095 3.703893 3.169968
84.000000 3.711892 3.940716 3.705949 3.138934
85.000000 3.709270 3.935255 3.677789 3.121888
86.000000 3.689398 3.919862 3.663607 3.116940
87.000000 3.676236 3.916875 3.646796 3.059942
88.000000 3.665393 3.905094 3.641771 3.077004
89.000000 3.642069 3.892707 3.627673 3.091315
90.000000 3.637490 3.878752 3.619302 3.062958
91.000000 3.611936 3.866110 3.605844 3.021189
92.000000 3.584896 3.865874 3.601408 3.023664
93.000000 3.573336 3.854549 3.585574 2.990339
94.000000 3.552790 3.844726 3.566320 2.975432
95.000000 3.543944 3.827886 3.569842 2.982271
96.000000 3.537567 3.833912 3.547529 2.965202
97.000000 3.521661 3.821055 3.514813 2.927883
98.000000 3.500374 3.800373 3.524266 2.907949
99.000000 3.488692 3.801815 3.499687 2.929419
100.000000 3.481156 3.792181 3.485579 2.898725
101.000000 3.428944 3.781684 3.496930 2.876795
102.000000 3.443419 3.766785 3.474071 2.851258
103.000000 3.431203 3.771955 3.459392 2.875640
104.000000 3.409595 3.746479 3.456670 2.851870
105.000000 3.413467 3.741230 3.429914 2.824126
106.000000 3.380030 3.718336 3.427324 2.809560
107.000000 3.376577 3.720407 3.417638 2.803457
108.000000 3.353339 3.704494 3.418301 2.799341
109.000000 3.344589 3.700444 3.386142 2.808886
110.000000 3.316809 3.686904 3.382017 2.751279
111.000000 3.318689 3.678700 3.367356 2.716838
112.000000 3.294907 3.660201 3.360404 2.730782
113.000000 3.263873 3.668199 3.343802 2.709270
114.000000 3.262451 3.637590 3.329805 2.739572
115.000000 3.226600 3.632153 3.326541 2.728354
116.000000 3.225568 3.608633 3.319730 2.675778
117.000000 3.205746 3.606489 3.289589 2.683047
118.000000 3.214579 3.594061 3.292256 2.646404
119.000000 3.187521 3.575188 3.284205 2.655138
120.000000 3.175512 3.585912 3.259355 2.658965
121.000000 3.172895 3.553033 3.245019 2.661813
122.000000 3.132900 3.560743 3.238046 2.635484
123.000000 3.115278 3.529302 3.211388 2.615950
124.000000 3.115611 3.525822 3.211921 2.559907
125.000000 3.101403 3.517592 3.171434 2.594393
126.000000 3.066699 3.504335 3.178113 2.597695
127.000000 3.036629 3.490801 3.177248 2.609594
128.000000 3.060320 3.478855 3.160769 2.572872
129.000000 3.050766 3.463893 3.159266 2.577492
130.000000 3.020361 3.455302 3.118926 2.633468
131.000000 3.007748 3.454540 3.134496 2.649335
132.000000 2.995196 3.444201 3.129368 2.680336
133.000000 3.019532 3.422097 3.112940 2.668386
134.000000 2.968950 3.414305 3.119256 2.634477
135.000000 2.996949 3.407731 3.097951 2.627366
136.000000 2.950851 3.402261 3.104146 2.674861
137.000000 2.965672 3.406710 3.087071 2.685742
138.000000 3.023664 3.390228 3.093422 2.707570
139.000000 3.011147 3.384533 3.096910 2.658965
140.000000 2.980912 3.389343 3.095866 2.658965
141.000000 2.972203 3.373647 3.077368 2.678518
142.000000 2.951338 3.351796 3.079904 2.646404
143.000000 2.949390 3.334454 3.052694 2.622214
144.000000 2.883661 3.318689 3.032619 2.574031
145.000000 2.940018 3.295127 3.027757 2.584331
146.000000 2.902003 3.283527 2.992554 2.511883
147.000000 2.897627 3.260071 2.979093 2.519828
148.000000 2.866878 3.249198 2.958086 2.460898
149.000000 2.816241 3.241297 2.975891 2.459392
150.000000 2.824126 3.223236 2.936011 2.389166
151.000000 2.827369 3.199755 2.908485 2.413300
152.000000 2.830589 3.203848 2.904174 2.403121
153.000000 2.782473 3.195623 2.904716 2.372912
154.000000 2.779596 3.156246 2.911158 2.344392
155.000000 2.756636 3.180413 2.822822 2.334454
156.000000 2.761928 3.138618 2.856729 2.340444
157.000000 2.749736 3.124178 2.838849 2.193125
158.000000 2.738781 3.116608 2.823474 2.271842
159.000000 2.725095 3.123198 2.809560 2.230449
160.000000 2.713491 3.088845 2.788168 2.170262
161.000000 2.725095 3.080266 2.795880 2.178977
162.000000 2.737987 3.058426 2.784617 2.235528
163.000000 2.673942 3.062958 2.786751 2.232996
164.000000 2.647383 3.021603 2.781037 2.113943
165.000000 2.664642 3.021189 2.759668 2.250420
166.000000 2.625312 3.006466 2.745075 2.158362
167.000000 2.630428 2.992995 2.769377 2.190332
168.000000 2.624282 2.992995 2.732394 2.130334
169.000000 2.645422 3.001301 2.709270 2.170262
170.000000 2.624282 2.949390 2.670246 2.110590
171.000000 2.607455 2.954725 2.671173 2.120574
172.000000 2.591065 2.921686 2.687529 2.190332
173.000000 2.582063 2.915400 2.663701 2.206826
174.000000 2.606381 2.906335 2.673021 2.201397
175.000000 2.604226 2.897077 2.637490 2.086360
176.000000 2.580925 2.861534 2.652246 2.103804
177.000000 2.586587 2.871573 2.653213 2.025306
178.000000 2.617000 2.876218 2.648360 2.045323
179.000000 2.656098 2.882525 2.610660 2.089905
180.000000 2.631444 2.851870 2.630428 1.986772
181.000000 2.603144 2.812913 2.637490 2.100371
182.000000 2.611723 2.829947 2.574031 2.060698
183.000000 2.552668 2.803457 2.621176 2.004321
184.000000 2.539076 2.826723 2.585461 2.100371
185.000000 2.534026 2.804821 2.563481 2.103804
186.000000 2.517196 2.810904 2.557507 2.096910
187.000000 2.503791 2.829304 2.584331 2.071882
188.000000 2.474216 2.786751 2.549003 2.164353
189.000000 2.494155 2.768638 2.552668 2.064458
190.000000 2.489958 2.748963 2.582063 2.096910
191.000000 2.526339 2.760422 2.572872 2.053078
192.000000 2.503791 2.750508 2.550228 2.164353
193.000000 2.481443 2.701568 2.562293 2.173186
194.000000 2.498311 2.703291 2.492760 2.276462
195.000000 2.506505 2.722634 2.537819 2.290035
196.000000 2.506505 2.698970 2.536558 2.313867
197.000000 2.492760 2.697229 2.527630 2.426511
198.000000 2.514548 2.717671 2.609594 2.385606
199.000000 2.597695 2.708421 2.693727 2.453318
200.000000 2.723456 2.787460 2.774517 2.549003
201.000000 2.837588 2.856729 2.826723 2.586587
202.000000 2.810233 2.836957 2.840106 2.559907
203.000000 2.767156 2.835691 2.794488 2.583199
204.000000 2.742725 2.793790 2.747412 2.542825
205.000000 2.690196 2.779596 2.667453 2.485721
206.000000 2.683047 2.777427 2.711807 2.428135
207.000000 2.673021 2.697229 2.609594 2.354108
208.000000 2.606381 2.720159 2.645422 2.348305
209.000000 2.615950 2.663701 2.589950 2.380211
210.000000 2.585461 2.706718 2.610660 2.285557
211.000000 2.594393 2.619093 2.598791 2.220108
212.000000 2.552668 2.648360 2.569374 2.164353
213.000000 2.530200 2.625312 2.515874 2.082785
214.000000 2.465383 2.578639 2.485721 2.167317
215.000000 2.503791 2.622214 2.447158 2.161368
216.000000 2.454845 2.535294 2.474216 2.133539
217.000000 2.478566 2.556303 2.481443 2.127105
218.000000 2.491362 2.555094 2.439333 2.164353
219.000000 2.545307 2.582063 2.365488 2.149219
220.000000 2.550228 2.505150 2.404834 2.012837
221.000000 2.565848 2.519828 2.383815 2.025306
222.000000 2.598791 2.480007 2.350248 2.100371
223.000000 2.629410 2.515874 2.376577 2.100371
224.000000 2.697229 2.468347 2.374748 2.053078
225.000000 2.666518 2.466868 2.322219 2.041393
226.000000 2.630428 2.498311 2.371068 2.123852
227.000000 2.510545 2.462398 2.307496 2.117271
228.000000 2.404834 2.506505 2.311754 2.184691
229.000000 2.267172 2.424882 2.330414 2.155336
230.000000 2.235528 2.392697 2.307496 2.113943
231.000000 2.117271 2.472756 2.269513 2.264818
232.000000 2.190332 2.472756 2.303196 2.301030
233.000000 2.187521 2.376577 2.298853 2.305351
234.000000 2.161368 2.451786 2.298853 2.397940
235.000000 2.238046 2.456366 2.296665 2.338456
236.000000 2.161368 2.472756 2.361728 2.469822
237.000000 2.184691 2.440909 2.330414 2.463893
238.000000 2.212188 2.460898 2.429752 2.526339
239.000000 2.243038 2.421604 2.365488 2.600973
240.000000 2.184691 2.471292 2.491362 2.610660
241.000000 2.262451 2.503791 2.416641 2.694605
242.000000 2.250420 2.492760 2.546543 2.716838
243.000000 2.290035 2.509203 2.598791 2.796574
244.000000 2.260071 2.517196 2.716838 2.824126
245.000000 2.315970 2.606381 2.770852 2.824776
246.000000 2.503791 2.714330 2.903633 2.918030
247.000000 2.706718 2.818885 3.006894 2.916980
248.000000 2.899273 2.893207 3.072617 3.025715
249.000000 2.973590 2.991226 3.136403 2.972203
250.000000 3.060698 2.991669 3.192289 3.103804
251.000000 2.961895 3.039017 3.162564 3.050380
252.000000 3.035830 3.035029 3.189209 2.997823
253.000000 3.309204 3.092721 3.315340 3.163161
254.000000 3.571592 3.313445 3.432649 2.930949
255.000000 3.282849 3.820004 3.848189 3.725503
